29206
6249
12467
11923
5308
8643
18049
3222
9783
19383
15353
20088
10075
21153
5463
10382
140
20006
18549
26679
21577
1695
22080
6963
8567
20197
7340
12279
20824
18178
18209
6442
25269
18424
29015
4357
20082
27715
483
903
15712
12964
2750
1940
23299
14979
21735
3300
14984
27380
21054
29860
3948
7027
30985
7924
23517
9165
3188
19722
29149
31031
13786
5894
13438
15888
1652
10151
5155
20872
18507
12212
11841
22025
26421
7892
4756
25689
32640
16108
24665
23736
25065
14804
13004
11211
22655
24591
13074
23189
4677
22557
12073
20497
4128
31408
16942
23905
6759
4487
7398
16621
9905
8014
1600
23344
30894
1222
16804
31465
28716
